1716445556647 0.06932392716407776 0
1716445557217 0.011629890650510788 1
1716445557763 0.005842580460011959 2
1716445558335 0.004896395839750767 3
1716445558907 0.0042729186825454235 4
1716445559463 0.0038811059202998877 5
1716445560052 0.004073422402143478 6
1716445560626 0.0036894541699439287 7
1716445561186 0.0038075861521065235 8
1716445561744 0.0034693507477641106 9
1716445562306 0.003787962021306157 10
1716445562882 0.003253840608522296 11
1716445563439 0.00328943133354187 12
1716445564004 0.003819177858531475 13
1716445564557 0.0027835406363010406 14
1716445565112 0.0028539749328047037 15
1716445565663 0.002902598585933447 16
1716445566221 0.0026477696374058723 17
1716445566773 0.0030943858437240124 18
1716445567325 0.002975644776597619 19
