1716459025562 0.0003548905369825661 0
1716459028770 6.449651118600741e-05 1
1716459031929 5.361160583561286e-05 2
1716459035017 5.304166188579984e-05 3
1716459038201 6.28934139967896e-05 4
1716459043331 4.919707134831697e-05 5
1716459046524 4.3630167056107894e-05 6
1716459049670 4.007967800134793e-05 7
1716459052951 4.117391290492378e-05 8
1716459056258 3.059583104914054e-05 9
1716459059507 3.3206746593350545e-05 10
1716459062777 3.38928985001985e-05 11
1716459066075 3.1674167985329404e-05 12
1716459069258 3.053964246646501e-05 13
1716459072543 3.260354060330428e-05 14
