1716459253024 0.013136335648596287 0
1716459256315 0.0010607298463582993 1
1716459259490 0.0010654728394001722 2
1716459262769 0.001018897513858974 3
1716459265964 0.0008321585482917726 4
1716459269214 0.0007965722470544279 5
1716459272426 0.0007707643089815974 6
1716459275734 0.0007222053245641291 7
1716459278952 0.0006105668726377189 8
1716459282186 0.0006714867777191103 9
1716459285505 0.0005755441961809993 10
1716459288650 0.000548961921595037 11
1716459291980 0.0005344271776266396 12
1716459295333 0.0005013411864638329 13
1716459298656 0.0004962203092873096 14
