1716458989111 0.010444617830216885 0
1716458990048 0.002683419268578291 1
1716458990895 0.0019320575520396233 2
1716458991827 0.0019911625422537327 3
1716458992666 0.002129379892721772 4
1716458993577 0.0016629798337817192 5
1716458994463 0.0020365286618471146 6
1716458995325 0.0020492339972406626 7
1716458996261 0.002096060896292329 8
1716458997125 0.0016968908021226525 9
1716458998075 0.0014626678312197328 10
1716458999032 0.0012819083640351892 11
1716458999977 0.0011630726512521505 12
1716459000819 0.0011964977020397782 13
1716459001716 0.0010857094312086701 14
