1716454092588 0.025150952860713005 0
1716454092592 0.025150952860713005 0
1716454094375 0.0019857112783938646 1
1716454094373 0.0019857112783938646 1
1716454096242 0.0009388548205606639 2
1716454096244 0.0009388548205606639 2
1716454098172 0.0008087215246632695 3
1716454098170 0.0008087215246632695 3
1716454100057 0.000817427528090775 4
1716454100055 0.000817427528090775 4
1716454101982 0.0007464672671630979 5
1716454101985 0.0007464672671630979 5
1716454104056 0.0007511239964514971 6
1716454104058 0.0007511239964514971 6
1716454106851 0.0008207052596844733 7
1716454106849 0.0008207052596844733 7
1716454108977 0.0007576347561553121 8
1716454108979 0.0007576347561553121 8
1716454111197 0.0006626964895986021 9
1716454111200 0.0006626964895986021 9
1716454113220 0.0006692144088447094 10
1716454113222 0.0006692144088447094 10
1716454115408 0.0006959299789741635 11
1716454115405 0.0006959299789741635 11
1716454117422 0.0006970391259528697 12
1716454117420 0.0006970391259528697 12
1716454119472 0.0006184601807035506 13
1716454119470 0.0006184601807035506 13
1716454121393 0.0005755860474891961 14
1716454121391 0.0005755860474891961 14
1716454123521 0.0006535901338793337 15
1716454123518 0.0006535901338793337 15
1716454125511 0.0006519107846543193 16
1716454125509 0.0006519107846543193 16
1716454127454 0.0005806343979202211 17
1716454127457 0.0005806343979202211 17
1716454129469 0.0006770449690520763 18
1716454129466 0.0006770449690520763 18
1716454131383 0.0005530572379939258 19
1716454131385 0.0005530572379939258 19
1716454133406 0.0005091562052257359 20
1716454133408 0.0005091562052257359 20
1716454135442 0.0005285652005113661 21
1716454135440 0.0005285652005113661 21
1716454137338 0.0005088127218186855 22
1716454137340 0.0005088127218186855 22
1716454139295 0.0005918944370932877 23
1716454139297 0.0005918944370932877 23
