1716445387289 0.04987999051809311 0
1716445387846 0.010939443483948708 1
1716445388400 0.006902722641825676 2
1716445388924 0.004872203338891268 3
1716445389435 0.006055797450244427 4
1716445389981 0.0063582658767700195 5
1716445390521 0.004071695730090141 6
1716445391057 0.004085436463356018 7
1716445391569 0.003776627592742443 8
1716445392077 0.003806848544627428 9
1716445392595 0.004064370412379503 10
1716445393103 0.00337388226762414 11
1716445393623 0.0034663977567106485 12
1716445394149 0.003413131460547447 13
1716445394760 0.00293712061829865 14
1716445395307 0.00288597890175879 15
1716445395842 0.003224713960662484 16
1716445396377 0.003812064416706562 17
1716445396952 0.0029036710038781166 18
1716445397491 0.00285329925827682 19
