1716447031495 0.1205928698182106 0
1716447032000 0.019495107233524323 1
1716447032509 0.016058869659900665 2
1716447033014 0.01012080442160368 3
1716447033549 0.00793454423546791 4
1716447034086 0.006809411570429802 5
1716447034619 0.005306397099047899 6
1716447035129 0.004801972769200802 7
1716447035641 0.004661336541175842 8
1716447036149 0.004317522048950195 9
1716447036663 0.0038686655461788177 10
1716447037175 0.003966240677982569 11
1716447037693 0.004060102626681328 12
1716447038215 0.004403015598654747 13
1716447038741 0.003646009135991335 14
1716447039266 0.0035893130116164684 15
1716447039794 0.0033790559973567724 16
1716447040324 0.0034382320009171963 17
1716447040860 0.003272287780418992 18
1716447041395 0.0030949413776397705 19
