1716459602238 0.006300532724708319 0
1716459605434 0.0005795760080218315 1
1716459608686 0.0005398706416599452 2
1716459611981 0.0004944311804138124 3
1716459615382 0.0005080733099021018 4
1716459618597 0.0005147772608324885 5
1716459621909 0.0004847015079576522 6
1716459625279 0.0004894208395853639 7
1716459628656 0.0003492813848424703 8
1716459631839 0.00040794347296468914 9
1716459635206 0.0004923618398606777 10
1716459638543 0.0003290922613814473 11
1716459641711 0.000302006519632414 12
1716459645142 0.0003223505918867886 13
1716459648426 0.0002812948077917099 14
