1716454856177 0.039098288863897324 0
1716454858006 0.002775282831862569 1
1716454859797 0.0013370667584240437 2
1716454861701 0.0013404489727690816 3
1716454863631 0.0012859636917710304 4
1716454865600 0.0011368521954864264 5
1716454867488 0.0012158775934949517 6
1716454869517 0.0010869612451642752 7
1716454871706 0.0011674879351630807 8
1716454873720 0.0010230487678200006 9
1716454875768 0.0009583362843841314 10
1716454877711 0.0009469461510889232 11
1716454879734 0.0009423619485460222 12
1716454881636 0.0009471142548136413 13
1716454883522 0.0008978829137049615 14
1716454885483 0.0008703325875103474 15
1716454887573 0.0009763108100742102 16
1716454889583 0.0011308937100693583 17
1716454891489 0.0007947540143504739 18
1716454893420 0.0008469970198348165 19
1716454895470 0.000828038202598691 20
1716454897395 0.0007950977305881679 21
1716454899319 0.0008711856207810342 22
1716454901207 0.0007246329914778471 23
