1716445428143 0.04583701491355896 0
1716445428680 0.009204565547406673 1
1716445429215 0.004424147307872772 2
1716445429754 0.0025847216602414846 3
1716445430320 0.0015756175853312016 4
1716445430877 0.0012123644119128585 5
1716445431429 0.001175049808807671 6
1716445431986 0.0012401272542774677 7
1716445432536 0.001185338944196701 8
1716445433085 0.0013835179852321744 9
1716445433644 0.0012198644690215588 10
1716445434195 0.0012967808870598674 11
1716445434769 0.0010791746899485588 12
1716445435364 0.0014642097521573305 13
1716445435966 0.001355062471702695 14
1716445436564 0.0014001877279952168 15
1716445437129 0.0015302648534998298 16
1716445437693 0.0011189079377800226 17
1716445438251 0.0012596332235261798 18
1716445438944 0.0017105811275541782 19
