1716445513552 0.04648132994771004 0
1716445514108 0.009109733626246452 1
1716445514660 0.004829108715057373 2
1716445515206 0.005153385456651449 3
1716445515767 0.003219620557501912 4
1716445516332 0.0024160773027688265 5
1716445516915 0.002303560497239232 6
1716445517493 0.002214245032519102 7
1716445518069 0.002105667721480131 8
1716445518637 0.0021233847364783287 9
1716445519211 0.0019327463814988732 10
1716445519775 0.002065064152702689 11
1716445520339 0.0020294885616749525 12
1716445520933 0.002342354040592909 13
1716445521530 0.0018868797924369574 14
1716445522160 0.0020975181832909584 15
1716445522741 0.0018179198959842324 16
1716445523306 0.0016597750363871455 17
1716445523874 0.001699634245596826 18
1716445524434 0.0017574133817106485 19
