1716445456679 0.2293277531862259 0
1716445457225 0.030998315662145615 1
1716445457775 0.01767643168568611 2
1716445458329 0.008906913921236992 3
1716445458884 0.006707465276122093 4
1716445459429 0.004977093078196049 5
1716445459983 0.004505511838942766 6
1716445460546 0.0042520444840192795 7
1716445461110 0.0040395623072981834 8
1716445461675 0.0039132158271968365 9
1716445462241 0.0038361521437764168 10
1716445462800 0.0040863086469471455 11
1716445463360 0.0037453998811542988 12
1716445463931 0.00359281781129539 13
1716445464533 0.003514548996463418 14
1716445465109 0.003540637204423547 15
1716445465704 0.003738446393981576 16
1716445466330 0.0037049155216664076 17
1716445466911 0.0038742588367313147 18
1716445467464 0.004069908056408167 19
