1716459388747 0.0028956339228898287 0
1716459391993 0.0004991612513549626 1
1716459395271 0.0004006136441603303 2
1716459398594 0.00033472603536210954 3
1716459401885 0.0003529168898239732 4
1716459405050 0.000337031640810892 5
1716459408188 0.0003478360013104975 6
1716459411441 0.0002759081544354558 7
1716459414628 0.00027367283473722637 8
1716459418105 0.00021730280423071235 9
1716459421491 0.00020546374435070902 10
1716459424803 0.0001789424568414688 11
1716459428080 0.00022888333478476852 12
1716459431304 0.00019473831343930215 13
1716459434664 0.0001662564609432593 14
