1716445470897 0.07993432879447937 0
1716445471432 0.016700157895684242 1
1716445471994 0.013066984713077545 2
1716445472555 0.00793839804828167 3
1716445473108 0.006516719236969948 4
1716445473661 0.006376105826348066 5
1716445474213 0.006165837403386831 6
1716445474761 0.005146189592778683 7
1716445475310 0.004824706353247166 8
1716445475862 0.00524219311773777 9
1716445476416 0.005661258473992348 10
1716445476962 0.005096621811389923 11
1716445477514 0.004752678796648979 12
1716445478062 0.004473043605685234 13
1716445478616 0.004359525162726641 14
1716445479163 0.004201720003038645 15
1716445479711 0.004085353575646877 16
1716445480265 0.004242142662405968 17
1716445480845 0.003924907185137272 18
1716445481435 0.003922761417925358 19
