1716445400672 0.07418939471244812 0
1716445401205 0.014261472970247269 1
1716445401764 0.010833552107214928 2
1716445402294 0.005984567571431398 3
1716445402834 0.005332211032509804 4
1716445403370 0.0037343278527259827 5
1716445403908 0.0033858483657240868 6
1716445404442 0.0035143999848514795 7
1716445404990 0.0030289320275187492 8
1716445405561 0.002712021581828594 9
1716445406139 0.0024911286309361458 10
1716445406687 0.0023163286969065666 11
1716445407233 0.0024429787881672382 12
1716445407797 0.0028836424462497234 13
1716445408350 0.0025723509024828672 14
1716445408926 0.0023562959395349026 15
1716445409481 0.0023918210063129663 16
1716445410034 0.002808673307299614 17
1716445410581 0.0019673663191497326 18
1716445411134 0.0020055854693055153 19
