1716453427447 0.0512702614068985 0
1716453427451 0.0512702614068985 0
1716453429250 0.0025577715132385492 1
1716453429248 0.0025577715132385492 1
1716453431166 0.0018111392855644226 2
1716453431164 0.0018111392855644226 2
1716453433007 0.0015603456413373351 3
1716453433005 0.0015603456413373351 3
1716453434890 0.0013510272838175297 4
1716453434892 0.0013510272838175297 4
1716453436745 0.0013377064606174827 5
1716453436743 0.0013377064606174827 5
1716453438766 0.001258578384295106 6
1716453438764 0.001258578384295106 6
1716453440714 0.0011866932036355138 7
1716453440711 0.0011866932036355138 7
1716453442610 0.001144318375736475 8
1716453442612 0.001144318375736475 8
1716453444666 0.0011586700566112995 9
1716453444664 0.0011586700566112995 9
1716453446618 0.001199937891215086 10
1716453446616 0.001199937891215086 10
1716453448514 0.0011541310232132673 11
1716453448516 0.0011541310232132673 11
1716453450467 0.0010576659115031362 12
1716453450465 0.0010576659115031362 12
1716453452399 0.0010682913707569242 13
1716453452400 0.0010682913707569242 13
1716453454412 0.0010289226192981005 14
1716453454415 0.0010289226192981005 14
1716453456324 0.0009451637743040919 15
1716453456322 0.0009451637743040919 15
1716453458213 0.0009647454717196524 16
1716453458215 0.0009647454717196524 16
1716453460114 0.000860793748870492 17
1716453460112 0.000860793748870492 17
1716453461992 0.0009054495603777468 18
1716453461990 0.0009054495603777468 18
1716453463895 0.0008635223493911326 19
1716453463893 0.0008635223493911326 19
1716453465811 0.0009546319488435984 20
1716453465809 0.0009546319488435984 20
1716453467718 0.0009132054401561618 21
1716453467715 0.0009132054401561618 21
1716453469669 0.0008237516158260405 22
1716453469667 0.0008237516158260405 22
1716453471557 0.0007700058631598949 23
1716453471559 0.0007700058631598949 23
