1716453315365 0.03305234760046005 0
1716453317201 0.0020960955880582333 1
1716453319188 0.001474864548072219 2
1716453320991 0.001232339651323855 3
1716453322816 0.001196546945720911 4
1716453324719 0.0011271612020209432 5
1716453326581 0.001454048091545701 6
1716453328430 0.0013019447214901447 7
1716453330335 0.0010153130860999227 8
1716453332246 0.0010782075114548206 9
1716453334188 0.0009147207601927221 10
1716453336179 0.0008935333462432027 11
1716453338078 0.0011091646738350391 12
1716453340019 0.0011002311948686838 13
1716453341894 0.0010543483076617122 14
1716453343768 0.0007815936114639044 15
1716453345741 0.0007541357772424817 16
1716453347706 0.0007995647029019892 17
1716453349623 0.000930578273255378 18
1716453351542 0.0007407029042951763 19
1716453353444 0.0008538976544514298 20
1716453355379 0.0008884237031452358 21
1716453357249 0.0010209819301962852 22
1716453359178 0.0007892057183198631 23
