1716459097566 0.007217516656965017 0
1716459100908 0.0011513188946992159 1
1716459104060 0.0010010242694988847 2
1716459107345 0.0012404045555740595 3
1716459112345 0.0008462436380796134 4
1716459115663 0.0007833944400772452 5
1716459118784 0.000726026832126081 6
1716459122257 0.0007442409987561405 7
1716459125411 0.0006202052463777363 8
1716459128586 0.0006209965795278549 9
1716459131958 0.0005230839014984667 10
1716459135211 0.0005011559114791453 11
1716459140217 0.0004779168521054089 12
1716459143430 0.00045190032687969506 13
1716459146812 0.00040988571709021926 14
