1716443625512 0.05363655462861061 0
1716443625516 0.05363655462861061 0
1716443627276 0.0021899244748055935 1
1716443627278 0.0021899244748055935 1
1716443629134 0.0016002930933609605 2
1716443629132 0.0016002930933609605 2
1716443630911 0.0015001478604972363 3
1716443630909 0.0015001478604972363 3
1716443632729 0.001479928381741047 4
1716443632727 0.001479928381741047 4
1716443634561 0.001501650782302022 5
1716443634563 0.001501650782302022 5
1716443636409 0.0011898006778210402 6
1716443636407 0.0011898006778210402 6
1716443638352 0.0011818596394732594 7
1716443638350 0.0011818596394732594 7
1716443640358 0.0010800269665196538 8
1716443640360 0.0010800269665196538 8
1716443642240 0.0010640363907441497 9
1716443642238 0.0010640363907441497 9
