1716454337751 0.03366180881857872 0
1716454337754 0.03366180881857872 0
1716454339114 0.003095462219789624 1
1716454339112 0.003095462219789624 1
1716454340476 0.0017704390920698643 2
1716454340478 0.0017704390920698643 2
1716454341836 0.0018079063156619668 3
1716454341834 0.0018079063156619668 3
1716454343234 0.0015947107458487153 4
1716454343232 0.0015947107458487153 4
1716454344753 0.001496432931162417 5
1716454344751 0.001496432931162417 5
1716454346167 0.0014099512482061982 6
1716454346169 0.0014099512482061982 6
1716454347583 0.001343420590274036 7
1716454347581 0.001343420590274036 7
1716454348997 0.0012907631462439895 8
1716454348995 0.0012907631462439895 8
1716454350419 0.0012261717347428203 9
1716454350422 0.0012261717347428203 9
1716454351849 0.0013100140495225787 10
1716454351847 0.0013100140495225787 10
1716454353318 0.0012231459841132164 11
1716454353316 0.0012231459841132164 11
1716454354771 0.0011686525540426373 12
1716454354769 0.0011686525540426373 12
1716454356233 0.0011951744090765715 13
1716454356231 0.0011951744090765715 13
1716454357695 0.0010621288092806935 14
1716454357697 0.0010621288092806935 14
1716454359203 0.001178120612166822 15
1716454359201 0.001178120612166822 15
1716454360676 0.0010683494620025158 16
1716454360673 0.0010683494620025158 16
1716454362118 0.0009968384401872754 17
1716454362120 0.0009968384401872754 17
1716454363558 0.0010879504261538386 18
1716454363556 0.0010879504261538386 18
1716454365007 0.0010742873419076204 19
1716454365005 0.0010742873419076204 19
1716454366468 0.001050625811330974 20
1716454366466 0.001050625811330974 20
1716454367966 0.0009257476776838303 21
1716454367964 0.0009257476776838303 21
1716454369424 0.0008755481685511768 22
1716454369426 0.0008755481685511768 22
1716454370876 0.0013973396271467209 23
1716454370874 0.0013973396271467209 23
