1716459354563 0.0029420398641377687 0
1716459355311 0.0006978121236898005 1
1716459355974 0.0005008436273783445 2
1716459356751 0.0004328350769355893 3
1716459357435 0.0006869281642138958 4
1716459358195 0.0004428645479492843 5
1716459358908 0.00030595361022278666 6
1716459359546 0.00028633209876716137 7
1716459360230 0.0003054009284824133 8
1716459360940 0.0003369704354554415 9
1716459361582 0.0002782533410936594 10
1716459362327 0.0003562417987268418 11
1716459362981 0.0005087667959742248 12
1716459363626 0.00037410936783999205 13
1716459364366 0.0002546488249208778 14
