1716446272716 0.05749855935573578 0
1716446273221 0.014659334905445576 1
1716446273723 0.008520929142832756 2
1716446274228 0.0060913641937077045 3
1716446274737 0.005456653423607349 4
1716446275247 0.0047510163858532906 5
1716446275754 0.0042704627849161625 6
1716446276260 0.0038379032630473375 7
1716446276766 0.0037870060186833143 8
1716446277273 0.003678504377603531 9
1716446277779 0.0036936732940375805 10
1716446278290 0.003483678214251995 11
1716446278801 0.004302587825804949 12
1716446279332 0.0033798622898757458 13
1716446279880 0.003405818482860923 14
1716446280446 0.003088022116571665 15
1716446280964 0.00293995370157063 16
1716446281508 0.003189773764461279 17
1716446282045 0.0029374826699495316 18
1716446282583 0.0026998042594641447 19
