1716458921636 0.001606661593541503 0
1716458924865 0.00027039062115363777 1
1716458927957 0.00028512979042716324 2
1716458931124 0.00022257988166529685 3
1716458934331 0.0002067043533315882 4
1716458937553 0.00020182500884402543 5
1716458940633 0.00017879206279758364 6
1716458943865 0.00017731959815137088 7
1716458947141 0.0001800237805582583 8
1716458950432 0.00015431038627866656 9
1716458953678 0.00014419799845200032 10
1716458956808 0.00013830700481776148 11
1716458960107 0.00015237933257594705 12
1716458963431 0.00013052283611614257 13
1716458966649 0.00015608410467393696 14
