1716446895345 0.07702506333589554 0
1716446895342 0.07702506333589554 0
1716446895871 0.014837169088423252 1
1716446895869 0.014837169088423252 1
1716446896390 0.01078107301145792 2
1716446896388 0.01078107301145792 2
1716446896949 0.008902419358491898 3
1716446896952 0.008902419358491898 3
1716446897514 0.008254566229879856 4
1716446897512 0.008254566229879856 4
1716446898096 0.006232317071408033 5
1716446898093 0.006232317071408033 5
1716446898656 0.004685224033892155 6
1716446898658 0.004685224033892155 6
1716446899205 0.004232161212712526 7
1716446899203 0.004232161212712526 7
1716446899742 0.0042980145663022995 8
1716446899744 0.0042980145663022995 8
1716446900281 0.004177028313279152 9
1716446900278 0.004177028313279152 9
1716446900823 0.0037999276537448168 10
1716446900820 0.0037999276537448168 10
1716446901362 0.0036202585324645042 11
1716446901364 0.0036202585324645042 11
1716446901907 0.003610956948250532 12
1716446901909 0.003610956948250532 12
1716446902461 0.003364439820870757 13
1716446902463 0.003364439820870757 13
1716446903047 0.0035795504227280617 14
1716446903045 0.0035795504227280617 14
1716446903623 0.0032602259889245033 15
1716446903621 0.0032602259889245033 15
1716446904215 0.0034649923909455538 16
1716446904212 0.0034649923909455538 16
1716446904767 0.0033355120103806257 17
1716446904764 0.0033355120103806257 17
1716446905315 0.0037591184955090284 18
1716446905313 0.0037591184955090284 18
1716446905855 0.0032016264740377665 19
1716446905857 0.0032016264740377665 19
