1716445498954 0.08476335555315018 0
1716445499493 0.01982971280813217 1
1716445500050 0.015824995934963226 2
1716445500595 0.010744461789727211 3
1716445501143 0.008450252003967762 4
1716445501695 0.007001311518251896 5
1716445502245 0.006571759935468435 6
1716445502874 0.006925719790160656 7
1716445503449 0.006748372223228216 8
1716445504047 0.006666380446404219 9
1716445504643 0.006188615225255489 10
1716445505208 0.00555160827934742 11
1716445505772 0.005306855775415897 12
1716445506337 0.006766951642930508 13
1716445507005 0.005983084440231323 14
1716445507571 0.005277690012007952 15
1716445508133 0.004707972519099712 16
1716445508700 0.004434002097696066 17
1716445509252 0.0043327645398676395 18
1716445509810 0.003984471317380667 19
