1716445414335 0.06139085069298744 0
1716445414875 0.01953268237411976 1
1716445415412 0.013679612427949905 2
1716445415947 0.012970988638699055 3
1716445416485 0.010664578527212143 4
1716445417027 0.010625897906720638 5
1716445417573 0.010157463140785694 6
1716445418116 0.010152299888432026 7
1716445418659 0.010097700171172619 8
1716445419205 0.009125921875238419 9
1716445419752 0.007634247187525034 10
1716445420317 0.007760846987366676 11
1716445420900 0.007472679018974304 12
1716445421472 0.008224094286561012 13
1716445422025 0.008259526453912258 14
1716445422570 0.006967298686504364 15
1716445423129 0.005934267304837704 16
1716445423681 0.006033360492438078 17
1716445424238 0.00614789268001914 18
1716445424797 0.005775250494480133 19
