1716445542480 0.13486294448375702 0
1716445543019 0.015547869727015495 1
1716445543565 0.009789133444428444 2
1716445544111 0.0044864811934530735 3
1716445544676 0.0031376269180327654 4
1716445545273 0.002897468861192465 5
1716445545866 0.0022996696643531322 6
1716445546432 0.0020890673622488976 7
1716445546988 0.002061831299215555 8
1716445547546 0.0017831946024671197 9
1716445548105 0.0016666228184476495 10
1716445548665 0.0015901043079793453 11
1716445549216 0.0016319160349667072 12
1716445549774 0.0015658738557249308 13
1716445550328 0.0016002487391233444 14
1716445550888 0.0015178188914433122 15
1716445551444 0.0014950607437640429 16
1716445552004 0.0014162021689116955 17
1716445552564 0.0014205106999725103 18
1716445553120 0.0014296288136392832 19
