1716459459400 0.005638559348881245 0
1716459462677 0.0005005043349228799 1
1716459465987 0.0004968464490957558 2
1716459469307 0.0005324473022483289 3
1716459472546 0.0005533095682039857 4
1716459475900 0.0004033338336739689 5
1716459479350 0.0004797590372618288 6
1716459482530 0.0004553618491627276 7
1716459485712 0.0003610303101595491 8
1716459489030 0.00033429593895561993 9
1716459492253 0.00030919082928448915 10
1716459495531 0.0002803744573611766 11
1716459498858 0.00029148784233257174 12
1716459502134 0.0003381101705599576 13
1716459505413 0.0004031961434520781 14
