1716445442491 0.11293825507164001 0
1716445443039 0.019253047183156013 1
1716445443576 0.014359351247549057 2
1716445444116 0.009884342551231384 3
1716445444660 0.0070409709587693214 4
1716445445207 0.006391817703843117 5
1716445445754 0.005797617603093386 6
1716445446326 0.005300091113895178 7
1716445446888 0.005263554863631725 8
1716445447441 0.005070947576314211 9
1716445448059 0.005068088881671429 10
1716445448642 0.0051250397227704525 11
1716445449207 0.004542863927781582 12
1716445449759 0.004534854553639889 13
1716445450335 0.004415862262248993 14
1716445450940 0.004309122916311026 15
1716445451529 0.004044912289828062 16
1716445452085 0.004203280434012413 17
1716445452635 0.004291038028895855 18
1716445453188 0.004213338252156973 19
