1716453580996 0.030184226110577583 0
1716453582765 0.0025922569911926985 1
1716453584580 0.001158277504146099 2
1716453586507 0.0008725229417905211 3
1716453588419 0.0008188299252651632 4
1716453590347 0.0008826050325296819 5
1716453592202 0.0007572864997200668 6
1716453594058 0.0007853835122659802 7
1716453595913 0.0007731722434982657 8
1716453597825 0.0007008954999037087 9
1716453599740 0.0007405929500237107 10
1716453601816 0.000656014948617667 11
1716453603812 0.0006261322414502501 12
1716453605846 0.0006091942195780575 13
1716453607912 0.0005816556513309479 14
1716453610367 0.0006910132942721248 15
1716453612811 0.0007069670828059316 16
1716453614960 0.0006513814441859722 17
1716453616982 0.0005459058447740972 18
1716453619343 0.0005728600081056356 19
1716453621596 0.000671509827952832 20
1716453623974 0.0005802514497190714 21
1716453625997 0.0005077929235994816 22
1716453627967 0.0004965710104443133 23
