1716459530680 0.0030091041699051857 0
1716459533954 0.00018111534882336855 1
1716459537099 0.00016804118058644235 2
1716459540447 0.00015617710596416146 3
1716459543808 0.00018653474398888648 4
1716459547184 0.00014982801803853363 5
1716459550501 0.00017350616690237075 6
1716459553790 0.00015757879009470344 7
1716459557220 0.0001462244981667027 8
1716459560584 0.00018560151511337608 9
1716459563910 0.00013628770830109715 10
1716459567294 0.00013024343934375793 11
1716459570659 0.00014215950795914978 12
1716459573996 0.00013273175864014775 13
1716459577190 0.00014898293011356145 14
