1716445484866 0.06657543778419495 0
1716445485417 0.013545478694140911 1
1716445485966 0.01212545856833458 2
1716445486522 0.008126946166157722 3
1716445487074 0.007505529560148716 4
1716445487633 0.0064736176282167435 5
1716445488177 0.005622318480163813 6
1716445488732 0.0058010839857161045 7
1716445489301 0.006289487238973379 8
1716445489856 0.005238331854343414 9
1716445490474 0.005179638974368572 10
1716445491043 0.005821164697408676 11
1716445491600 0.004971363581717014 12
1716445492152 0.005214164033532143 13
1716445492708 0.0049549899995327 14
1716445493261 0.004524114541709423 15
1716445493847 0.004385426640510559 16
1716445494412 0.004176801070570946 17
1716445494969 0.004778239876031876 18
1716445495533 0.004665055312216282 19
