1716446812446 0.12426228076219559 0
1716446812450 0.12426228076219559 0
1716446812963 0.019913325086236 1
1716446812965 0.019913325086236 1
1716446813483 0.020112603902816772 2
1716446813481 0.020112603902816772 2
1716446813995 0.011167912743985653 3
1716446813997 0.011167912743985653 3
1716446814509 0.008991705253720284 4
1716446814511 0.008991705253720284 4
1716446815042 0.008165944367647171 5
1716446815040 0.008165944367647171 5
1716446815561 0.00621120585128665 6
1716446815559 0.00621120585128665 6
1716446816074 0.005655695218592882 7
1716446816072 0.005655695218592882 7
1716446816588 0.004896766040474176 8
1716446816586 0.004896766040474176 8
1716446817103 0.0052165198139846325 9
1716446817105 0.0052165198139846325 9
1716446817619 0.004051312804222107 10
1716446817621 0.004051312804222107 10
1716446818136 0.004658484365791082 11
1716446818134 0.004658484365791082 11
1716446818655 0.0048838830552995205 12
1716446818653 0.0048838830552995205 12
1716446819175 0.004222804680466652 13
1716446819177 0.004222804680466652 13
1716446819702 0.0039213839918375015 14
1716446819700 0.0039213839918375015 14
1716446820238 0.003932908643037081 15
1716446820240 0.003932908643037081 15
1716446820769 0.00400399137288332 16
1716446820767 0.00400399137288332 16
1716446821305 0.003781660459935665 17
1716446821307 0.003781660459935665 17
1716446821839 0.0034951004199683666 18
1716446821841 0.0034951004199683666 18
1716446822402 0.003773401491343975 19
1716446822404 0.003773401491343975 19
