1716445527933 0.10000831633806229 0
1716445528482 0.01300118025392294 1
1716445529121 0.008970978669822216 2
1716445529697 0.0029727111104875803 3
1716445530258 0.002282180590555072 4
1716445530809 0.0021419094409793615 5
1716445531362 0.00204494153149426 6
1716445531914 0.001890864223241806 7
1716445532464 0.0019055487355217338 8
1716445533028 0.0017644570907577872 9
1716445533584 0.001682932022958994 10
1716445534152 0.0016288667684420943 11
1716445534713 0.0018056833650916815 12
1716445535263 0.0016575525514781475 13
1716445535813 0.0017277601873502135 14
1716445536365 0.0015818900428712368 15
1716445536975 0.001692743506282568 16
1716445537583 0.0014825370162725449 17
1716445538153 0.0014592622173950076 18
1716445538713 0.001598705188371241 19
