1716459171720 0.0044649154879152775 0
1716459175004 0.0003177911858074367 1
1716459178187 0.00030785557464696467 2
1716459181377 0.00032776209991425276 3
1716459184476 0.00026708428049460053 4
1716459187716 0.0003103200870100409 5
1716459191007 0.00029210676439106464 6
1716459194292 0.0002647367655299604 7
1716459197643 0.0002709793916437775 8
1716459200909 0.00022316329705063254 9
1716459204135 0.00022200052626430988 10
1716459207470 0.0002405459963483736 11
1716459210749 0.00019909994443878531 12
1716459213956 0.00022293778602033854 13
1716459217281 0.0001999024534597993 14
