1716459320376 0.015845509245991707 0
1716459321317 0.0029602316208183765 1
1716459322245 0.002754412591457367 2
1716459323210 0.0020937719382345676 3
1716459324071 0.0022331755608320236 4
1716459325002 0.0017220996087417006 5
1716459325916 0.0019257046515122056 6
1716459326882 0.0017249397933483124 7
1716459327746 0.0016371388919651508 8
1716459328679 0.0020812470465898514 9
1716459329536 0.001546893734484911 10
1716459330510 0.001458292710594833 11
1716459331382 0.0013738257111981511 12
1716459332285 0.0014254553243517876 13
1716459333218 0.001620028866454959 14
