1716455375360 0.005678808782249689 0
1716455405422 0.0020786041859537363 1
1716455435004 0.0015532999532297254 2
1716455463854 0.001129703363403678 3
1716455492439 0.0023058601655066013 4
1716455520946 0.0010678052203729749 5
1716455549582 0.0008467268198728561 6
1716455578339 0.0015003974549472332 7
1716455607025 0.0017539787804707885 8
1716455635644 0.0008869346929714084 9
1716455664178 0.0009291978203691542 10
1716455692852 0.0009639465133659542 11
1716455722659 0.0014585083117708564 12
1716455751326 0.0008583518792875111 13
1716455780611 0.000715192873030901 14
1716455809367 0.000799605215433985 15
1716455838306 0.0008440669043920934 16
1716455867304 0.0007088847341947258 17
1716455896216 0.0007674629450775683 18
1716455925185 0.0007197506492957473 19
