1716453900644 0.029243219643831253 0
1716453902612 0.0016112555749714375 1
1716453904596 0.0009446162730455399 2
1716453906651 0.0008255682187154889 3
1716453908570 0.0008800090290606022 4
1716453910567 0.0007926535326987505 5
1716453912576 0.0007944329408928752 6
1716453914503 0.0007956467452459037 7
1716453916492 0.0007473677396774292 8
1716453918574 0.0007831093389540911 9
1716453920652 0.0006831290083937347 10
1716453922787 0.0006291865138337016 11
1716453924819 0.0006598978652618825 12
1716453926819 0.0006465860642492771 13
1716453928807 0.0006258884677663445 14
1716453930761 0.0006154722650535405 15
1716453932821 0.0007703882292844355 16
1716453934796 0.0006364287692122161 17
1716453936813 0.0005676947766914964 18
1716453938906 0.000547985197044909 19
1716453940948 0.000561096123419702 20
1716453943035 0.0005460364045575261 21
1716453945298 0.0007930045248940587 22
1716453947381 0.0007044666563160717 23
