1716458845452 0.002652531024068594 0
1716458848556 0.0006878969725221395 1
1716458851727 0.0006011267541907728 2
1716458854802 0.0004973785835318267 3
1716458858023 0.00038856896571815014 4
1716458861188 0.00045042316196486354 5
1716458864264 0.0003696954809129238 6
1716458867393 0.00029553481726907194 7
1716458870529 0.0002989609492942691 8
1716458873787 0.000288971554255113 9
1716458876890 0.0003140382468700409 10
1716458880055 0.0002641166211105883 11
1716458883257 0.00035568635212257504 12
1716458886400 0.00034320674603804946 13
1716458889732 0.0002450176398269832 14
