1716447122875 0.10520154982805252 0
1716447122878 0.10520154982805252 0
1716447123389 0.018764054402709007 1
1716447123391 0.018764054402709007 1
1716447123908 0.013460344634950161 2
1716447123910 0.013460344634950161 2
1716447124459 0.00980907678604126 3
1716447124461 0.00980907678604126 3
1716447125024 0.007544363383203745 4
1716447125026 0.007544363383203745 4
1716447125533 0.006081926170736551 5
1716447125535 0.006081926170736551 5
1716447126041 0.005473507102578878 6
1716447126044 0.005473507102578878 6
1716447126548 0.004497476387768984 7
1716447126550 0.004497476387768984 7
1716447127062 0.004590277560055256 8
1716447127060 0.004590277560055256 8
1716447127573 0.0039300937205553055 9
1716447127571 0.0039300937205553055 9
1716447128089 0.0038553301710635424 10
1716447128091 0.0038553301710635424 10
1716447128608 0.003879544558003545 11
1716447128606 0.003879544558003545 11
1716447129145 0.003979417495429516 12
1716447129143 0.003979417495429516 12
1716447129671 0.0042771403677761555 13
1716447129669 0.0042771403677761555 13
1716447130198 0.004664067644625902 14
1716447130200 0.004664067644625902 14
1716447130732 0.005407154094427824 15
1716447130730 0.005407154094427824 15
1716447131270 0.004476160276681185 16
1716447131268 0.004476160276681185 16
1716447131804 0.003550880588591099 17
1716447131806 0.003550880588591099 17
1716447132344 0.0034451393876224756 18
1716447132342 0.0034451393876224756 18
1716447132878 0.0035177981480956078 19
1716447132880 0.0035177981480956078 19
