1716454175983 0.02693261206150055 0
1716454175988 0.02693261206150055 0
1716454177836 0.001713358797132969 1
1716454177834 0.001713358797132969 1
1716454179665 0.00091720768250525 2
1716454179667 0.00091720768250525 2
1716454181485 0.0008242810727097094 3
1716454181488 0.0008242810727097094 3
1716454183324 0.0007880533812567592 4
1716454183327 0.0007880533812567592 4
1716454185175 0.0008375472971238196 5
1716454185177 0.0008375472971238196 5
1716454187050 0.0007749918149784207 6
1716454187048 0.0007749918149784207 6
1716454188913 0.0007037680479697883 7
1716454188911 0.0007037680479697883 7
1716454190790 0.0006707140128128231 8
1716454190788 0.0006707140128128231 8
1716454192686 0.0006895593251101673 9
1716454192688 0.0006895593251101673 9
1716454194633 0.0007399542373605072 10
1716454194631 0.0007399542373605072 10
1716454196525 0.0006049733492545784 11
1716454196523 0.0006049733492545784 11
1716454198410 0.000740840332582593 12
1716454198412 0.000740840332582593 12
1716454200308 0.00064387999009341 13
1716454200310 0.00064387999009341 13
1716454202211 0.0005739766056649387 14
1716454202213 0.0005739766056649387 14
1716454204100 0.0005645236233249307 15
1716454204102 0.0005645236233249307 15
1716454206001 0.0005655157146975398 16
1716454206003 0.0005655157146975398 16
1716454207949 0.0005352733423933387 17
1716454207946 0.0005352733423933387 17
1716454209915 0.000574074627365917 18
1716454209917 0.000574074627365917 18
1716454211850 0.0005299354670569301 19
1716454211848 0.0005299354670569301 19
1716454213750 0.0005449877353385091 20
1716454213748 0.0005449877353385091 20
1716454215667 0.0005186512134969234 21
1716454215670 0.0005186512134969234 21
1716454217564 0.0004830617690458894 22
1716454217566 0.0004830617690458894 22
1716454219463 0.0005917440284974873 23
1716454219461 0.0005917440284974873 23
