1716443720897 0.047324828803539276 0
1716443722667 0.0023756420705467463 1
1716443724440 0.0015700822696089745 2
1716443726233 0.0014972910284996033 3
1716443728061 0.001348594669252634 4
1716443729916 0.001241388265043497 5
1716443731777 0.0011861228849738836 6
1716443733687 0.0011295133735984564 7
1716443735616 0.001178982318378985 8
1716443737519 0.0010631149634718895 9
1716443739410 0.00105752341914922 10
1716443741303 0.0010169759625568986 11
1716443743185 0.0010614140192046762 12
1716443745068 0.0009534474229440093 13
1716443746945 0.0009082576143555343 14
1716443748877 0.001148799667134881 15
1716443750814 0.0013135668123140931 16
1716443752712 0.0010441673221066594 17
1716443754613 0.0008964496082626283 18
1716443756519 0.0008768707048147917 19
